box | 24 | 12 | -0.5000,-0.5000,-0.5000,0.5000,0.5000,0.5000 | 0.000,0.000,0.000
box | 94 | 104 | -1.0000,-0.2500,-1.5000,1.0000,0.2500,1.5000 | 0.000,0.000,0.000
plane | 4 | 2 | -0.5000,-0.5000,0.0000,0.5000,0.5000,0.0000 | 0.000,0.000,0.000
plane | 36 | 48 | -2.0000,-1.0000,0.0000,2.0000,1.0000,0.0000 | 0.000,0.000,0.000
circle | 14 | 12 | -0.5000,-0.5000,0.0000,0.5000,0.5000,0.0000 | 0.500,0.000,0.000
circle | 7 | 5 | -0.6663,0.0000,0.0000,0.9553,0.9975,0.0000 | 1.255,4.520,0.000
cylinder | 76 | 48 | -0.5000,-0.5000,-0.5000,0.5000,0.5000,0.5000 | 0.000,0.000,2.000
cylinder | 62 | 56 | -0.5850,-1.0000,-0.5406,0.5850,1.0000,0.6000 | 0.000,0.000,2.400
cylinder | 35 | 16 | -0.6000,-1.0000,-0.6000,0.6000,1.0000,0.6000 | 0.000,-17.000,1.200
cylinder | 21 | 24 | -0.1052,-0.5000,-0.2970,0.2992,0.5000,0.2633 | 3.255,0.000,-1.490
sphere | 104 | 144 | -0.4875,-0.5000,-0.4875,0.4875,0.5000,0.4875 | -2.191,0.000,0.000
sphere | 63 | 96 | -0.9996,-0.0292,0.0000,0.9896,0.9211,0.9971 | -2.047,31.379,28.859
torus | 78 | 120 | -0.2110,0.0000,-0.0105,0.2110,0.2110,0.0105 | 0.000,9.198,0.000
torus | 637 | 1152 | -1.4000,-1.4000,-0.4000,1.4000,1.4000,0.4000 | 13.400,0.000,0.000
icosahedron | 60 | 20 | -0.8507,-0.8507,-0.8507,0.8507,0.8507,0.8507 | 0.000,0.000,0.000
icosahedron | 540 | 180 | -0.9794,-0.9794,-0.9794,0.9794,0.9794,0.9794 | 0.000,0.000,0.000
lathe | 35 | 48 | -0.0251,0.0000,-0.0290,0.0251,0.0640,0.0290 | 0.000,0.994,0.090
rounded_box | 900 | 300 | -0.5000,-0.5000,-0.5000,0.5000,0.5000,0.5000 | 0.000,0.000,0.000
rounded_box | 900 | 300 | -0.2000,-0.1450,-0.0550,0.2000,0.1450,0.0550 | 0.000,0.000,0.000
rounded_box | 324 | 108 | -0.5000,-0.5000,-0.5000,0.5000,0.5000,0.5000 | 0.000,0.000,0.000
rounded_box | 24 | 12 | -0.5000,-0.5000,-0.5000,0.5000,0.5000,0.5000 | 0.000,0.000,0.000
extrude | 48 | 16 | 0.0000,0.0000,-0.1000,1.0000,1.5000,0.1000 | 23.000,33.000,0.000
extrude | 84 | 28 | -0.0500,-0.0500,-0.2000,2.0500,1.0500,0.2000 | 84.000,42.000,0.000
extrude | 96 | 32 | 0.0000,0.0000,-0.2500,4.0000,4.0000,0.2500 | 168.000,162.000,0.000
extrude_spline | 3828 | 1276 | -0.0553,-0.2670,-0.0600,1.6528,1.4797,0.3000 | 3105.752,2169.079,459.360
shape_geometry | 9 | 9 | 0.0000,0.0000,0.0000,3.0000,3.0000,0.0000 | 13.500,12.200,0.000
tube | 231 | 384 | -0.1724,-0.1347,-0.1613,1.1566,0.2321,1.2892 | 106.050,5.736,123.825
merge_vertices | 92 | 180 | -0.9794,-0.9794,-0.9794,0.9794,0.9794,0.9794 | 0.000,0.000,0.000
merge_geometries | 80 | 44 | -0.5000,-1.5000,-0.5000,4.0000,1.5000,0.5000 | 96.000,0.000,0.000
